100 scenario tol_ttc average: 8.407215047073093
ttc_num: 0
0 scenario ttc_num_ttc average: None
100 scenario tol_comp average: 72.60671571446497
comp_num: 99
99 scenario comp_num_comp average: 72.33001587319694
col_num: 0
ttc_comp_num: 0
0 scenario ttc_comp_ttc average: None
0 scenario ttc_comp_comp average: None

15 sets of actions for unique scenarios
action: (10, 4, 4, 4, 11) number: 1
action: (10, 4, 4, 4, 4) number: 86
action: (10, 2, 5, 10, 0) number: 1
action: (10, 4, 4, 4, 5) number: 1
action: (10, 10, 5, 10, 1) number: 1
action: (10, 4, 6, 10, 1) number: 1
action: (10, 4, 4, 2, 4) number: 1
action: (10, 4, 4, 4, 3) number: 1
action: (9, 4, 4, 4, 4) number: 1
action: (10, 4, 9, 5, 4) number: 1
action: (10, 8, 5, 10, 8) number: 1
action: (10, 4, 4, 3, 4) number: 1
action: (10, 4, 4, 4, 10) number: 1
action: (0, 4, 4, 4, 4) number: 1
action: (10, 4, 4, 4, 1) number: 1

average action difference (with scenario number): 0.5032323232323233
average action difference (without scenario number): 2.676190476190476

all scenario dynamic_time_warping difference: 1.6732209249626435